12
13
14
15
16
17
18
23
24
25
26
27
28
34
35
36
37
38
45
46
47
48
56
57
58
67
68
78
123
124
125
126
127
128
134
135
136
137
138
145
146
147
148
156
157
158
167
168
178
234
235
236
237
238
245
246
247
258
256
257
258
267
268
278
345
346
247
348
356
357
358
367
368
378
456
457
458
467
468
478
567
568
578
678
1234
1235
1236
1237
1238
1245
1246
1247
1248
1256
1257
1258
1267
1268
1278
1345
1346
1347
1348
1356
1357
1358
1367
1368
1378
1456
1457
1458
1467
1468
1478
1567
1568
1578
1678
2345
2346
2347
2348
2356
2357
2358
2367
2368
2378
2456
2457
2458
2467
2468
2478
2567
2568
2578
2678
3456
3457
3458
3467
3468
3478
3567
3568
3578
3678
4567
4568
4578
4678
5678
